-54.825	-49.716	9.319
-10.094	11.242	43.116
-39.185	-3.064	59.669
0.673	-80.356	7.984
-28.083	-4.842	-16.800
-36.623	-37.201	-14.750
-36.607	-75.699	24.654
-53.463	-33.200	-15.248
-7.143	-46.214	22.813
-25.015	-82.844	-9.936
-28.555	26.715	1.407
-9.252	-64.481	-4.887
-12.768	29.133	3.029
-59.673	-30.229	-2.652
-28.479	-27.072	-11.894
-8.580	-38.219	60.774
-49.486	6.789	27.203
-46.560	31.164	7.553
-46.773	26.843	22.271
-5.390	-76.710	0.475
-47.898	-33.155	48.283
-7.595	-26.288	47.313
-41.930	-20.637	54.023
-6.158	-62.188	34.552
-11.266	32.195	17.985
-38.724	33.693	35.696
-15.781	15.896	58.162
-18.350	-71.827	43.464
-57.097	-16.648	8.824
-54.285	-48.621	36.029
-17.989	58.295	10.408
-35.132	12.426	-16.576
-45.263	-27.355	17.312
-38.516	-5.489	13.616
-24.131	-57.237	-31.435
-15.817	-22.129	15.850
-19.142	3.111	23.430
-29.939	-4.311	13.072
-24.683	-8.299	11.293
-28.949	-22.892	-3.955
-27.844	-7.778	-5.526
-13.343	6.902	7.598
10.721	-17.663	16.429
9.210	8.312	23.096
21.458	2.773	13.308
16.673	-2.571	11.949
23.105	-16.942	-3.466
19.762	-2.264	-5.131
2.747	9.711	8.573
54.979	-29.080	12.958
-0.528	21.105	42.199
29.654	6.885	58.194
12.789	-74.507	21.525
18.856	-1.116	-17.963
32.997	-27.830	-15.426
50.393	-56.705	29.651
48.264	-23.698	-15.553
7.066	-42.524	24.554
38.352	-73.136	0.454
14.907	30.555	0.367
15.445	-58.068	1.306
-1.858	36.257	3.790
54.562	-13.557	-6.946
21.882	-23.419	-10.658
8.214	-32.160	61.640
38.690	15.395	26.850
33.133	41.664	6.204
38.713	32.064	21.439
16.887	-69.654	10.454
45.798	-18.041	47.669
3.707	-18.825	47.335
36.689	-8.886	53.411
12.396	-55.573	38.842
-2.734	33.317	19.462
27.202	40.452	33.647
7.329	22.091	56.325
27.451	-63.052	48.997
51.146	-0.251	4.731
55.927	-26.932	38.204
1.613	59.844	6.719
21.872	18.838	-16.882
42.392	-13.505	15.002
28.511	4.418	10.500
23.979	-55.348	-29.585
